Kp = 2.0;
Ki = 0.8;
Kd = 0.00;