Ki = 0.01;
Kp = 1.0;
Kd = 0.00;